.Random.seed <-
c(10403L, 624L, 1904486054L, -1016110865L, -1995718044L, 430816789L, 
551372754L, -710267605L, -356754832L, -472114255L, -1067767362L, 
-740486361L, -181907140L, -1364911859L, 1434957930L, 443944675L, 
1043231432L, -1714548183L, -1290166314L, 1484315743L, -665302252L, 
93856517L, 1470123010L, -1690634341L, 1147545120L, 467412897L, 
-1527781138L, 736074903L, 429592556L, 1894169597L, -598908262L, 
-1164720301L, -1329015688L, -1743504359L, 190473478L, 327824335L, 
-568590396L, 1210893301L, -708748238L, 1505189387L, -2052596272L, 
1803562897L, -945720290L, -2092072441L, -1766688100L, 935467757L, 
-1665492790L, -1812423741L, -1178557912L, 698737161L, -1470532042L, 
-790993089L, -1117659020L, -2143641371L, 1241741410L, -364486533L, 
-1917025920L, -1811467391L, 451070798L, -683818121L, 1121554764L, 
635844061L, 1072847610L, -559182797L, -1850680360L, -2120088583L, 
216650598L, 174093999L, -1410011868L, 273725909L, -471228270L, 
-3211541L, 1520374064L, -1234160783L, -35197314L, -91791129L, 
-549760004L, 432147661L, -2015909590L, 1685297315L, -403406456L, 
-1427660311L, 1084128406L, 1205035551L, -1570757164L, 247336645L, 
-2085169982L, -1762117285L, -1190490912L, 1132080993L, 1822481838L, 
96557655L, -943537492L, -1652252739L, 2131592026L, -254295789L, 
-1834577096L, 2014690265L, -3509818L, -1901450865L, 200182404L, 
898736053L, -361884430L, 1713967051L, -193334128L, -341563567L, 
801347806L, -951930937L, -1558520484L, -685969747L, -1460213366L, 
-1054931581L, 1050808552L, 1938510281L, -343887114L, -769929985L, 
1990925108L, -761631579L, -372088542L, 1300791867L, -2027403200L, 
-1892869311L, 214048782L, 857891127L, 313435148L, 2017065373L, 
834067386L, -196057613L, 528611992L, -815307847L, -1181466586L, 
1662995567L, 1130420196L, -1217956459L, -1805207214L, -956460885L, 
-904886288L, 773065521L, -170953922L, -751341913L, 1655248572L, 
-1370832755L, 506485226L, -80551325L, -1616818104L, 1435038121L, 
1687689558L, 1617668063L, 1436205204L, 692566661L, 1835933058L, 
1445935899L, -1527925856L, -669518047L, 970887790L, 924375063L, 
972371308L, 310264701L, 2080793626L, 139295443L, 270209528L, 
1468988313L, 1541357190L, 645390159L, -1012673212L, -783664267L, 
-1729393230L, -125533813L, 1044040528L, -1665671407L, -1264419426L, 
1679662471L, 1245577244L, -1715240339L, -1852048822L, 2145857347L, 
1489649576L, -1629978231L, -1283674186L, -1082461505L, -2037967372L, 
-1405224859L, 195168738L, -1792777221L, -1422733568L, 2066924289L, 
-24234802L, 1163706103L, -1149236L, -2067169955L, 236199034L, 
1745289139L, -1471555240L, 1552188281L, 1413704934L, 1399579183L, 
705659556L, -89001643L, -1156279790L, 1828053611L, -1613709648L, 
1384620785L, -1663780866L, 464338023L, 842111356L, 1342125133L, 
961661610L, -663491549L, 603250440L, 426901865L, 734426646L, 
-1744720481L, 2093488980L, 821372485L, -846846398L, -1969226533L, 
516921952L, -780828959L, 828966702L, -307882537L, -755865556L, 
-1550604483L, 603456730L, 1790243987L, -1746513736L, -1505756327L, 
1549323078L, 1085494543L, 1073471492L, -417949899L, -906377614L, 
847885131L, 699032080L, 1719359185L, -1426185634L, -140620985L, 
-1629756708L, 1131796013L, -680932598L, -1441720061L, 653864552L, 
189624649L, 1829596278L, 1857542271L, -675950412L, -924498907L, 
-936217950L, 1390020027L, 1889277376L, 802695873L, 1963395470L, 
464313527L, -849802868L, -11222755L, -2050351814L, -2087757453L, 
-87525352L, 2025415481L, 2042059174L, 554055663L, -88019612L, 
-2047857387L, -1598870830L, -210242517L, 44021104L, -343213391L, 
-1481196354L, 1370016295L, -1063986116L, -1566611443L, -1174668438L, 
-1242122781L, -206623288L, 912445737L, 1659474646L, -1537903777L, 
1655191060L, -1048161787L, 482275074L, -1509261669L, -42974944L, 
-414005599L, 939539438L, 388567959L, -1250272532L, -461059331L, 
-2019400294L, 1104031315L, 1489522552L, -1813464295L, -34138106L, 
52202191L, 2075568836L, 45527797L, 643350322L, -168254197L, 1032370384L, 
-256995695L, 664176414L, -544950009L, 1941210524L, 1475602925L, 
-1155507254L, -648232253L, -2014388952L, -659939063L, 1156770102L, 
1972534847L, 351751028L, -1538240539L, -129787038L, -664180869L, 
237247616L, 1155355265L, -1259561394L, -2083341705L, -38904756L, 
1536935133L, 161013242L, 1353282355L, -1514285352L, 868614905L, 
-2035284378L, -777106001L, 271915044L, -991811371L, 1308787602L, 
474203627L, -650286032L, -2132929935L, -1959427714L, -1293281305L, 
1083367164L, 166419405L, 1089399850L, 226181027L, 1301298312L, 
-1407491863L, -1765707882L, -81331937L, 301666516L, 918240709L, 
-1814530110L, -634470309L, -678451232L, -1854943647L, -228314962L, 
1633800535L, -1001583188L, 689024701L, 2009433690L, 2002331667L, 
1098976824L, 273234649L, -42326842L, 1400078479L, 831796612L, 
1877642933L, 382236658L, -460237109L, -1063923824L, -1559132591L, 
-13915170L, 965797575L, 1535633500L, 452836781L, 1031777418L, 
1737108611L, 443239400L, -424767287L, 669853174L, 701162495L, 
-1458862540L, 2050956197L, 882213922L, 932350267L, 2055922496L, 
302135873L, -1023479026L, 193878071L, -743543028L, -849442659L, 
-901751110L, -1726657293L, -135662184L, 1567253177L, -1746046170L, 
723788655L, -2060713244L, -481827691L, -1950180270L, 1763268523L, 
-899030288L, 1514203697L, 2081490494L, 1026631079L, -1528061508L, 
-1448931443L, 787127530L, 415336803L, 811076424L, 979087529L, 
336464982L, -768196897L, 1434495892L, -1403786875L, 731037826L, 
416072219L, 65916576L, 126653985L, -984291986L, 974147351L, -1574272916L, 
-2063969667L, -2061408486L, -1256857133L, 13667576L, -886998375L, 
-677252730L, -679987633L, -598441916L, 980560501L, -1006047054L, 
1611909259L, -1181637040L, -1520157167L, -964849506L, -477965177L, 
-1458173156L, -1873587859L, 524795210L, 1851348547L, 1026456232L, 
-719667063L, -1027857738L, -1591670337L, -1095597836L, 1181853541L, 
-706204446L, 1108699899L, 1821403648L, -1358503423L, 1677592526L, 
10466807L, 1377386956L, 1214057565L, -1199530118L, -426580301L, 
840792L, -2056879495L, -1976590362L, -1289242321L, 879078820L, 
-857644971L, -491555566L, 465086827L, 1021647280L, 2138276337L, 
1862879998L, -1371671705L, -1604377476L, 1703314253L, -1532031574L, 
-779513053L, 1522965000L, 1625538665L, -410031850L, 524502175L, 
-1208416684L, -32484027L, -1666332350L, 329548763L, -1723157152L, 
1097407969L, -711828946L, -822833961L, -1311591636L, -872499651L, 
7735258L, 1690590099L, 91671480L, 875657817L, -919699898L, -185947121L, 
-1229485308L, 772638261L, 383396210L, -1975518645L, -281264880L, 
-546916911L, -766757538L, 2065334855L, 1864297948L, 2075436333L, 
-516387318L, -947240957L, 251160936L, 61780041L, -2111840394L, 
-1319833729L, 1085029300L, -995626203L, -184838750L, -1984820037L, 
1525985472L, -206878271L, 480894094L, 1892078519L, 1001313420L, 
-2141761507L, -2061918150L, -2099101581L, -1931054312L, -75865543L, 
-97088346L, -1351020817L, -1197336476L, 762223637L, -1684730414L, 
903985963L, 1466896496L, -1204430415L, 417222590L, -2083487449L, 
-1515362500L, -514476275L, -2097398166L, -242000669L, 1268508872L, 
1601409065L, -570063402L, -1743910305L, -2078007020L, -944733947L, 
1609142786L, 1014367643L, 1852202016L, -154835551L, 131895022L, 
231639703L, 369468908L, -1847666179L, -92051302L, -1339779757L, 
2117323384L, 2067347993L, -824194298L, -779427377L, -1149413948L, 
-696475147L, -1208212942L, 1154870283L, -397044784L, -120001135L, 
928487966L, 1578627079L, -2141024100L, 1625405677L, -1005445430L, 
215804355L, 1854478376L, -1842716663L, -1831314378L, -265906881L, 
-642206092L, 1889664741L, 1787805282L, 1613262459L, 2088220544L, 
2007986561L, 834826574L, 700690807L, 321857356L, -385002531L, 
-1597284102L, 2009291315L, 758567384L, -815398407L, 1153579366L, 
634922159L, 1822507812L, 1890555861L, -1087936878L, 2035584235L, 
13092656L, -1941442191L, -296741762L, -72823065L, -409572868L, 
-2133808435L, 1787965226L, -224467293L, 1100478344L, 902504425L, 
-2077203818L, -1302949857L, -993920044L, 1693740229L, -1375331646L, 
-989771941L, 436257504L, -1621004959L, 15958958L, -1537324969L, 
